Collimator V0
FILD Collimator. Measured in 2021 by JRR and JGD
File generated in 1/2022, as example for the SINPA code
0  ! Kind of plate
12  ! Number of triangles
  0.0403   0.00135 -0.0106
  0.0403   0.02195 -0.004
  0.0403  -0.00405  0.
  0.0403  -0.00405  0.
  0.0403   0.00135 -0.0106
  0.0403  -0.00405 -0.0106
  0.0403  -0.00405  0.
  0.0403   0.02195 -0.004
 0.0403  0.03195 0.
 0.0403  0.03195 0.
  0.0403   0.02195 -0.004
  0.0403   0.03195 -0.004
  0.0397   0.00135 -0.0106
  0.0397   0.02195 -0.004
  0.0397  -0.00405  0.
  0.0397  -0.00405  0.
  0.0397   0.00135 -0.0106
  0.0397  -0.00405 -0.0106
  0.0397  -0.00405  0.
  0.0397   0.02195 -0.004
 0.0397  0.03195 0.
 0.0397  0.03195 0.
  0.0397   0.02195 -0.004
  0.0397   0.03195 -0.004
  0.0397  -0.00405 -0.0106
  0.0397  -0.00135 -0.0106
  0.0403  -0.00135 -0.0106
  0.0397  -0.00405 -0.0106
  0.0403  -0.00135 -0.0106
  0.0403  -0.00405 -0.0106
  0.0397  -0.00405  0.
  0.0403  -0.00405  0.
  0.0403  -0.00405 -0.0106
  0.0397  -0.00405  0.
  0.0403  -0.00405 -0.0106
  0.0397  -0.00405 -0.0106
